{"nbformat":4,"nbformat_minor":0,"metadata":{"colab":{"name":"Mohler_heatmap.ipynb","provenance":[],"collapsed_sections":[]},"kernelspec":{"name":"python3","display_name":"Python 3"},"accelerator":"TPU"},"cells":[{"cell_type":"code","metadata":{"id":"C1cWg2TEuTQ9","colab_type":"code","outputId":"628631bf-84ff-41cc-ed30-1cad673eae7d","executionInfo":{"status":"ok","timestamp":1566825144280,"user_tz":-120,"elapsed":79654,"user":{"displayName":"sasi kiran","photoUrl":"https://lh3.googleusercontent.com/a-/AAuE7mBjLTu2dzjRCzp118mQDk2S6UyStqeosof2BUg3dQ=s64","userId":"13357761986237341872"}},"colab":{"base_uri":"https://localhost:8080/","height":122}},"source":["from google.colab import drive\n","drive.mount('/content/drive')"],"execution_count":0,"outputs":[{"output_type":"stream","text":["Go to this URL in a browser: https://accounts.google.com/o/oauth2/auth?client_id=947318989803-6bn6qk8qdgf4n4g3pfee6491hc0brc4i.apps.googleusercontent.com&redirect_uri=urn%3Aietf%3Awg%3Aoauth%3A2.0%3Aoob&scope=email%20https%3A%2F%2Fwww.googleapis.com%2Fauth%2Fdocs.test%20https%3A%2F%2Fwww.googleapis.com%2Fauth%2Fdrive%20https%3A%2F%2Fwww.googleapis.com%2Fauth%2Fdrive.photos.readonly%20https%3A%2F%2Fwww.googleapis.com%2Fauth%2Fpeopleapi.readonly&response_type=code\n","\n","Enter your authorization code:\n","··········\n","Mounted at /content/drive\n"],"name":"stdout"}]},{"cell_type":"code","metadata":{"id":"wUAP8S2B8BJI","colab_type":"code","outputId":"27b00bca-7857-4f73-bbf6-543cd8236fa5","executionInfo":{"status":"ok","timestamp":1566825172291,"user_tz":-120,"elapsed":107642,"user":{"displayName":"sasi kiran","photoUrl":"https://lh3.googleusercontent.com/a-/AAuE7mBjLTu2dzjRCzp118mQDk2S6UyStqeosof2BUg3dQ=s64","userId":"13357761986237341872"}},"colab":{"base_uri":"https://localhost:8080/","height":853}},"source":["!pip install bert-embedding"],"execution_count":0,"outputs":[{"output_type":"stream","text":["Collecting bert-embedding\n","  Downloading https://files.pythonhosted.org/packages/62/85/e0d56e29a055d8b3ba6da6e52afe404f209453057de95b90c01475c3ff75/bert_embedding-1.0.1-py3-none-any.whl\n","Collecting gluonnlp==0.6.0 (from bert-embedding)\n","\u001b[?25l  Downloading https://files.pythonhosted.org/packages/e2/07/037585c23bccec19ce333b402997d98b09e43cc8d2d86dc810d57249c5ff/gluonnlp-0.6.0.tar.gz (209kB)\n","\u001b[K     |████████████████████████████████| 215kB 5.2MB/s \n","\u001b[?25hCollecting numpy==1.14.6 (from bert-embedding)\n","\u001b[?25l  Downloading https://files.pythonhosted.org/packages/e5/c4/395ebb218053ba44d64935b3729bc88241ec279915e72100c5979db10945/numpy-1.14.6-cp36-cp36m-manylinux1_x86_64.whl (13.8MB)\n","\u001b[K     |████████████████████████████████| 13.8MB 46.0MB/s \n","\u001b[?25hCollecting typing==3.6.6 (from bert-embedding)\n","  Downloading https://files.pythonhosted.org/packages/4a/bd/eee1157fc2d8514970b345d69cb9975dcd1e42cd7e61146ed841f6e68309/typing-3.6.6-py3-none-any.whl\n","Collecting mxnet==1.4.0 (from bert-embedding)\n","\u001b[?25l  Downloading https://files.pythonhosted.org/packages/c0/e9/241aadccc4522f99adee5b6043f730d58adb7c001e0a68865a3728c3b4ae/mxnet-1.4.0-py2.py3-none-manylinux1_x86_64.whl (29.6MB)\n","\u001b[K     |████████████████████████████████| 29.6MB 1.4MB/s \n","\u001b[?25hCollecting graphviz<0.9.0,>=0.8.1 (from mxnet==1.4.0->bert-embedding)\n","  Downloading https://files.pythonhosted.org/packages/53/39/4ab213673844e0c004bed8a0781a0721a3f6bb23eb8854ee75c236428892/graphviz-0.8.4-py2.py3-none-any.whl\n","Requirement already satisfied: requests>=2.20.0 in /usr/local/lib/python3.6/dist-packages (from mxnet==1.4.0->bert-embedding) (2.21.0)\n","Requirement already satisfied: chardet<3.1.0,>=3.0.2 in /usr/local/lib/python3.6/dist-packages (from requests>=2.20.0->mxnet==1.4.0->bert-embedding) (3.0.4)\n","Requirement already satisfied: certifi>=2017.4.17 in /usr/local/lib/python3.6/dist-packages (from requests>=2.20.0->mxnet==1.4.0->bert-embedding) (2019.6.16)\n","Requirement already satisfied: urllib3<1.25,>=1.21.1 in /usr/local/lib/python3.6/dist-packages (from requests>=2.20.0->mxnet==1.4.0->bert-embedding) (1.24.3)\n","Requirement already satisfied: idna<2.9,>=2.5 in /usr/local/lib/python3.6/dist-packages (from requests>=2.20.0->mxnet==1.4.0->bert-embedding) (2.8)\n","Building wheels for collected packages: gluonnlp\n","  Building wheel for gluonnlp (setup.py) ... \u001b[?25l\u001b[?25hdone\n","  Created wheel for gluonnlp: filename=gluonnlp-0.6.0-cp36-none-any.whl size=259917 sha256=a704d4ba8c7c973bf8b94fcefc70de94a5a541a300e1c2eadfc798bd477b5ecc\n","  Stored in directory: /root/.cache/pip/wheels/ff/48/ac/a77c79aa416ba6dd7bf487f2280b0471034f66141617965914\n","Successfully built gluonnlp\n","\u001b[31mERROR: spacy 2.1.8 has requirement numpy>=1.15.0, but you'll have numpy 1.14.6 which is incompatible.\u001b[0m\n","\u001b[31mERROR: imgaug 0.2.9 has requirement numpy>=1.15.0, but you'll have numpy 1.14.6 which is incompatible.\u001b[0m\n","\u001b[31mERROR: fastai 1.0.57 has requirement numpy>=1.15, but you'll have numpy 1.14.6 which is incompatible.\u001b[0m\n","\u001b[31mERROR: datascience 0.10.6 has requirement folium==0.2.1, but you'll have folium 0.8.3 which is incompatible.\u001b[0m\n","\u001b[31mERROR: cvxpy 1.0.24 has requirement numpy>=1.15, but you'll have numpy 1.14.6 which is incompatible.\u001b[0m\n","\u001b[31mERROR: blis 0.2.4 has requirement numpy>=1.15.0, but you'll have numpy 1.14.6 which is incompatible.\u001b[0m\n","\u001b[31mERROR: albumentations 0.1.12 has requirement imgaug<0.2.7,>=0.2.5, but you'll have imgaug 0.2.9 which is incompatible.\u001b[0m\n","Installing collected packages: numpy, gluonnlp, typing, graphviz, mxnet, bert-embedding\n","  Found existing installation: numpy 1.16.4\n","    Uninstalling numpy-1.16.4:\n","      Successfully uninstalled numpy-1.16.4\n","  Found existing installation: typing 3.7.4\n","    Uninstalling typing-3.7.4:\n","      Successfully uninstalled typing-3.7.4\n","  Found existing installation: graphviz 0.10.1\n","    Uninstalling graphviz-0.10.1:\n","      Successfully uninstalled graphviz-0.10.1\n","Successfully installed bert-embedding-1.0.1 gluonnlp-0.6.0 graphviz-0.8.4 mxnet-1.4.0 numpy-1.14.6 typing-3.6.6\n"],"name":"stdout"},{"output_type":"display_data","data":{"application/vnd.colab-display-data+json":{"pip_warning":{"packages":["numpy","typing"]}}},"metadata":{"tags":[]}}]},{"cell_type":"code","metadata":{"id":"WTYKU1Qlulyn","colab_type":"code","outputId":"bc74e817-f436-4b8b-efa5-f87cef921534","executionInfo":{"status":"ok","timestamp":1566825188014,"user_tz":-120,"elapsed":123354,"user":{"displayName":"sasi kiran","photoUrl":"https://lh3.googleusercontent.com/a-/AAuE7mBjLTu2dzjRCzp118mQDk2S6UyStqeosof2BUg3dQ=s64","userId":"13357761986237341872"}},"colab":{"base_uri":"https://localhost:8080/","height":360}},"source":["!pip install --upgrade numpy\n","import tarfile\n","import pandas as pd\n","import numpy as np\n","import scipy as sp\n","\n","import spacy\n","from bert_embedding import BertEmbedding\n","import nltk\n","nltk.download('punkt')\n","from nltk.tokenize import word_tokenize, sent_tokenize\n","\n","import seaborn as sns\n","import matplotlib.pyplot as plt\n","%matplotlib inline"],"execution_count":0,"outputs":[{"output_type":"stream","text":["Collecting numpy\n","\u001b[?25l  Downloading https://files.pythonhosted.org/packages/19/b9/bda9781f0a74b90ebd2e046fde1196182900bd4a8e1ea503d3ffebc50e7c/numpy-1.17.0-cp36-cp36m-manylinux1_x86_64.whl (20.4MB)\n","\u001b[K     |████████████████████████████████| 20.4MB 3.5MB/s \n","\u001b[31mERROR: mxnet 1.4.0 has requirement numpy<1.15.0,>=1.8.2, but you'll have numpy 1.17.0 which is incompatible.\u001b[0m\n","\u001b[31mERROR: datascience 0.10.6 has requirement folium==0.2.1, but you'll have folium 0.8.3 which is incompatible.\u001b[0m\n","\u001b[31mERROR: bert-embedding 1.0.1 has requirement numpy==1.14.6, but you'll have numpy 1.17.0 which is incompatible.\u001b[0m\n","\u001b[31mERROR: albumentations 0.1.12 has requirement imgaug<0.2.7,>=0.2.5, but you'll have imgaug 0.2.9 which is incompatible.\u001b[0m\n","\u001b[?25hInstalling collected packages: numpy\n","  Found existing installation: numpy 1.14.6\n","    Uninstalling numpy-1.14.6:\n","      Successfully uninstalled numpy-1.14.6\n","Successfully installed numpy-1.17.0\n"],"name":"stdout"},{"output_type":"display_data","data":{"application/vnd.colab-display-data+json":{"pip_warning":{"packages":["numpy"]}}},"metadata":{"tags":[]}},{"output_type":"stream","text":["[nltk_data] Downloading package punkt to /root/nltk_data...\n","[nltk_data]   Unzipping tokenizers/punkt.zip.\n"],"name":"stdout"}]},{"cell_type":"code","metadata":{"id":"0CRAzpU8uURO","colab_type":"code","colab":{}},"source":["path = '/content/drive/My Drive/Colab Notebooks/Datasets/ShortAnswerGrading_v1.0.tar.gz'"],"execution_count":0,"outputs":[]},{"cell_type":"code","metadata":{"id":"JldQB56Xupy4","colab_type":"code","colab":{}},"source":["with tarfile.open(path,'r') as ext_file:\n","  ext_file.extractall('/content/dataset')"],"execution_count":0,"outputs":[]},{"cell_type":"markdown","metadata":{"id":"90MQx3HevTUk","colab_type":"text"},"source":[""]},{"cell_type":"code","metadata":{"id":"TCCi7_2WuyGI","colab_type":"code","colab":{}},"source":["data = pd.read_csv('/content/dataset/ShortAnswerGrading_v1.0/assign1.txt', sep = '\\t', skiprows=[0,1,2,3,34,800], names=['grade','id','student_answer'])"],"execution_count":0,"outputs":[]},{"cell_type":"code","metadata":{"id":"8LrrHqTIvDci","colab_type":"code","colab":{}},"source":["data = data.dropna()"],"execution_count":0,"outputs":[]},{"cell_type":"code","metadata":{"id":"MLjzSclowvzu","colab_type":"code","colab":{}},"source":["first_answer = data.head(29)"],"execution_count":0,"outputs":[]},{"cell_type":"code","metadata":{"id":"IFQTjxhix1KP","colab_type":"code","outputId":"0f0bef60-628d-48bb-fde4-8c29077bfec6","executionInfo":{"status":"ok","timestamp":1566825188725,"user_tz":-120,"elapsed":124038,"user":{"displayName":"sasi kiran","photoUrl":"https://lh3.googleusercontent.com/a-/AAuE7mBjLTu2dzjRCzp118mQDk2S6UyStqeosof2BUg3dQ=s64","userId":"13357761986237341872"}},"colab":{"base_uri":"https://localhost:8080/","height":527}},"source":["print(first_answer)"],"execution_count":0,"outputs":[{"output_type":"stream","text":["   grade    id                                     student_answer\n","0    3.5   [6]  High risk problems are address in the prototyp...\n","1      5   [5]  To simulate portions of the desired final prod...\n","2      4   [8]  A prototype program simulates the behaviors of...\n","3      5   [3]  Defined in the Specification phase a prototype...\n","4      3   [4]  It is used to let the users have a first idea ...\n","5      2  [24]  To find problem and errors in a program before...\n","6    2.5   [9]  To address major issues in the creation of the...\n","7      5  [22]  you can break the whole program into prototype...\n","8    3.5  [23]  -To provide an example or model of how the fin...\n","9      5   [2]  Simulating the behavior of only a portion of t...\n","10     5  [29]    A program that stimulates the behavior of po...\n","11     5  [31]  A program that simulates the behavior of porti...\n","12     2  [12]  To lay out the basics and give you a starting ...\n","13   4.5  [21]  To simulate problem solving for parts of the p...\n","14     2  [13]  A prototype program provides a basic groundwor...\n","15   4.5  [11]  A prototype program is a part of the Specifica...\n","16     5  [17]  Program that simulates the behavior of portion...\n","17     2   [7]  it provides a limited proof of concept to veri...\n","18     2  [10]  It tests the main function of the program whil...\n","19   2.5  [27]  To get early feedback from users in early stag...\n","20     5  [20]  it simulates the behavior of portions of the d...\n","21     5  [18]  It simulates the behavior of portions of the d...\n","22   1.5  [19]  A prototype program is used in problem solving...\n","23   2.5  [16]  To ease the understanding of problem under dis...\n","24     5  [26]  it simulates the behavior of portions of the d...\n","25     2   [1]  The role of a prototype program is to help spo...\n","26     3  [28]  the prototype program gives a general idea of ...\n","27     3  [15]  to show that a certain part of the program wor...\n","28   2.5  [14]  Prototype programming is an approach to progra...\n"],"name":"stdout"}]},{"cell_type":"code","metadata":{"id":"MGB7-PBr0kLe","colab_type":"code","colab":{}},"source":["spacy_nlp = spacy.load('en_core_web_sm')\n"],"execution_count":0,"outputs":[]},{"cell_type":"code","metadata":{"id":"eBJ54scx1Iyi","colab_type":"code","colab":{}},"source":["spacy_stopwords = spacy.lang.en.stop_words.STOP_WORDS"],"execution_count":0,"outputs":[]},{"cell_type":"code","metadata":{"id":"H8hGO9AX1Ml5","colab_type":"code","outputId":"15ace044-ecc0-413e-d388-d30f23828b65","executionInfo":{"status":"ok","timestamp":1566825189704,"user_tz":-120,"elapsed":125001,"user":{"displayName":"sasi kiran","photoUrl":"https://lh3.googleusercontent.com/a-/AAuE7mBjLTu2dzjRCzp118mQDk2S6UyStqeosof2BUg3dQ=s64","userId":"13357761986237341872"}},"colab":{"base_uri":"https://localhost:8080/","height":54}},"source":["print(spacy_stopwords)"],"execution_count":0,"outputs":[{"output_type":"stream","text":["{'above', 'get', 'this', 'mine', 'yourselves', 'see', 'would', 'really', 'i', 'never', 'sometime', 'how', 'make', 'call', 'which', 'back', 'fifteen', 'done', 'seeming', 'whence', 'another', '‘re', 'hereupon', 'my', 'something', 'and', 'she', 'an', 'hundred', 'whereby', \"'ve\", 'herein', 'nothing', 'or', 'noone', 'anything', 'who', 'why', 'whither', 'the', 'if', 'thru', \"'ll\", 'meanwhile', 'formerly', 'of', 'whereafter', 'whole', 'was', 'most', 'becoming', 'himself', 'next', 'hers', 'two', 'is', 'used', 'his', 'anyone', 'forty', 'did', 'much', 'alone', 'none', 'sixty', 'too', 'neither', 'n‘t', 'onto', 'besides', 'three', 'once', 'wherein', 'where', '’ve', 'throughout', 'became', 'no', 'ca', 'among', 'further', 'four', 'same', 'mostly', 'own', 'ever', 'few', 'unless', 'twelve', \"'s\", 'since', 'her', \"'m\", 'part', 'yours', '’re', 'in', 'nobody', 'by', 'ourselves', 'bottom', 'twenty', 'these', '‘m', 'that', 'cannot', '‘ll', 'beside', 'due', 'ours', 'six', 'are', 'whenever', 'not', 'go', 'become', 'around', 'full', 'were', 'on', 'might', 'while', '’ll', 'empty', 'eight', 'has', 'again', 'amount', 'have', 'because', 'across', 'a', 'indeed', 'your', 'last', 'side', 'eleven', 'whose', 'me', 'still', 'quite', 'both', 'can', 'been', 'its', 'everyone', 'latterly', 'please', 'also', 'wherever', 'beyond', 'although', 'take', 'am', 'us', 'whoever', 'at', \"n't\", 'you', 'our', 'through', 'however', 'along', 'could', 'their', 'thence', 'well', 'whether', 'perhaps', 'via', 'top', 'enough', 'seems', 'other', 'had', 'least', 'others', 'until', 'each', 'elsewhere', 'nevertheless', 'what', 'whatever', '’d', 'should', 'more', 'we', \"'d\", 'seemed', 'third', \"'re\", 'afterwards', 'keep', 'otherwise', 'namely', 'made', 'almost', 'during', 'hence', 'per', 'any', 'may', 'now', '‘ve', 'only', 'everywhere', 'all', 'as', 'some', 'various', 'nor', 'less', 'every', 'just', 'either', 'many', 'be', 'him', 'sometimes', 'very', 'show', 'even', 'hereby', 'there', 'though', 'about', 'after', 'everything', 'nowhere', 'between', 'out', 'somehow', 'to', 'move', 'whereupon', '’m', 'yourself', 'over', 'put', 'say', 'n’t', 'thereupon', 'before', 'always', 'such', 'toward', 're', 'than', '’s', 'thereafter', 'but', 'herself', 'latter', 'against', 'must', 'yet', 'whom', 'five', 'fifty', 'first', 'together', 'someone', 'front', '‘d', 'ten', 'amongst', 'hereafter', 'towards', 'except', 'below', 'it', 'when', 'with', 'somewhere', 'them', 'does', 'they', 'else', 'former', 'into', 'nine', 'down', 'so', 'anyhow', 'several', 'therein', 'using', 'whereas', 'itself', 'will', 'from', 'anyway', 'rather', 'seem', 'often', '‘s', 'being', 'he', 'give', 'regarding', 'under', 'thus', 'behind', 'those', 'moreover', 'already', 'therefore', 'upon', 'within', 'becomes', 'up', 'anywhere', 'off', 'name', 'one', 'then', 'doing', 'serious', 'do', 'beforehand', 'thereby', 'themselves', 'here', 'myself', 'for', 'without'}\n"],"name":"stdout"}]},{"cell_type":"code","metadata":{"id":"4hv4tmL61ODL","colab_type":"code","colab":{}},"source":["# Lower case the string\n","first_answer= first_answer.applymap(lambda s:s.lower() if type(s) == str else s)"],"execution_count":0,"outputs":[]},{"cell_type":"code","metadata":{"id":"sITqnjwP1mXJ","colab_type":"code","colab":{}},"source":["# Deleting \n","first_answer['student_answer'] = first_answer['student_answer'].apply(lambda x: ' '.join([word for word in x.split() if word not in (spacy_stopwords)]))"],"execution_count":0,"outputs":[]},{"cell_type":"code","metadata":{"id":"QyrD-SIh3EZg","colab_type":"code","outputId":"384da436-82b0-4c5e-fa84-6a1c12f6525b","executionInfo":{"status":"ok","timestamp":1566825189709,"user_tz":-120,"elapsed":124988,"user":{"displayName":"sasi kiran","photoUrl":"https://lh3.googleusercontent.com/a-/AAuE7mBjLTu2dzjRCzp118mQDk2S6UyStqeosof2BUg3dQ=s64","userId":"13357761986237341872"}},"colab":{"base_uri":"https://localhost:8080/","height":204}},"source":["first_answer.head()"],"execution_count":0,"outputs":[{"output_type":"execute_result","data":{"text/html":["<div>\n","<style scoped>\n","    .dataframe tbody tr th:only-of-type {\n","        vertical-align: middle;\n","    }\n","\n","    .dataframe tbody tr th {\n","        vertical-align: top;\n","    }\n","\n","    .dataframe thead th {\n","        text-align: right;\n","    }\n","</style>\n","<table border=\"1\" class=\"dataframe\">\n","  <thead>\n","    <tr style=\"text-align: right;\">\n","      <th></th>\n","      <th>grade</th>\n","      <th>id</th>\n","      <th>student_answer</th>\n","    </tr>\n","  </thead>\n","  <tbody>\n","    <tr>\n","      <th>0</th>\n","      <td>3.5</td>\n","      <td>[6]</td>\n","      <td>high risk problems address prototype program s...</td>\n","    </tr>\n","    <tr>\n","      <th>1</th>\n","      <td>5</td>\n","      <td>[5]</td>\n","      <td>simulate portions desired final product quick ...</td>\n","    </tr>\n","    <tr>\n","      <th>2</th>\n","      <td>4</td>\n","      <td>[8]</td>\n","      <td>prototype program simulates behaviors portions...</td>\n","    </tr>\n","    <tr>\n","      <th>3</th>\n","      <td>5</td>\n","      <td>[3]</td>\n","      <td>defined specification phase prototype stimulat...</td>\n","    </tr>\n","    <tr>\n","      <th>4</th>\n","      <td>3</td>\n","      <td>[4]</td>\n","      <td>let users idea completed program allow clients...</td>\n","    </tr>\n","  </tbody>\n","</table>\n","</div>"],"text/plain":["  grade   id                                     student_answer\n","0   3.5  [6]  high risk problems address prototype program s...\n","1     5  [5]  simulate portions desired final product quick ...\n","2     4  [8]  prototype program simulates behaviors portions...\n","3     5  [3]  defined specification phase prototype stimulat...\n","4     3  [4]  let users idea completed program allow clients..."]},"metadata":{"tags":[]},"execution_count":15}]},{"cell_type":"code","metadata":{"id":"Dbp_FPdQN22U","colab_type":"code","colab":{}},"source":["# Creates sentence embedding from adding the word embeddings of each sentence.\n","# Have to change the pipeline\n","def sentence_embedding(sent):\n","  tokenized = word_tokenize(sent)\n","  word_embedding = BertEmbedding().embedding(sentences= tokenized)\n","  sent_embed = np.zeros(word_embedding[0][1][0].shape)\n","  for i in range(0,len(tokenized)):\n","    sent_embed = np.add(sent_embed, word_embedding[i][1][0])\n","  return sent_embed"],"execution_count":0,"outputs":[]},{"cell_type":"code","metadata":{"id":"JsVnIUkKP5FX","colab_type":"code","outputId":"937f77b7-84c0-4e01-9354-9880eca42d74","executionInfo":{"status":"ok","timestamp":1566825189715,"user_tz":-120,"elapsed":124982,"user":{"displayName":"sasi kiran","photoUrl":"https://lh3.googleusercontent.com/a-/AAuE7mBjLTu2dzjRCzp118mQDk2S6UyStqeosof2BUg3dQ=s64","userId":"13357761986237341872"}},"colab":{"base_uri":"https://localhost:8080/","height":34}},"source":["print(len(first_answer.student_answer))"],"execution_count":0,"outputs":[{"output_type":"stream","text":["29\n"],"name":"stdout"}]},{"cell_type":"code","metadata":{"id":"mC-NPLKyOJCG","colab_type":"code","outputId":"cd0af019-bb29-4406-8895-75efdc6e2eb9","executionInfo":{"status":"ok","timestamp":1566825320341,"user_tz":-120,"elapsed":255605,"user":{"displayName":"sasi kiran","photoUrl":"https://lh3.googleusercontent.com/a-/AAuE7mBjLTu2dzjRCzp118mQDk2S6UyStqeosof2BUg3dQ=s64","userId":"13357761986237341872"}},"colab":{"base_uri":"https://localhost:8080/","height":88}},"source":["sent_embed_list=[]\n","for i in range(0, len(first_answer.student_answer)):\n","  sent_embed_list.append(sentence_embedding(first_answer.student_answer[i]))"],"execution_count":0,"outputs":[{"output_type":"stream","text":["Vocab file is not found. Downloading.\n","Downloading /root/.mxnet/models/book_corpus_wiki_en_uncased-a6607397.zip from https://apache-mxnet.s3-accelerate.dualstack.amazonaws.com/gluon/dataset/vocab/book_corpus_wiki_en_uncased-a6607397.zip...\n","Downloading /root/.mxnet/models/bert_12_768_12_book_corpus_wiki_en_uncased-75cc780f.zip from https://apache-mxnet.s3-accelerate.dualstack.amazonaws.com/gluon/models/bert_12_768_12_book_corpus_wiki_en_uncased-75cc780f.zip...\n"],"name":"stdout"}]},{"cell_type":"code","metadata":{"id":"Rw4Nlj1-SJ-U","colab_type":"code","outputId":"35c626af-84e0-4c19-bbdc-7803097f5176","executionInfo":{"status":"ok","timestamp":1566825320356,"user_tz":-120,"elapsed":255612,"user":{"displayName":"sasi kiran","photoUrl":"https://lh3.googleusercontent.com/a-/AAuE7mBjLTu2dzjRCzp118mQDk2S6UyStqeosof2BUg3dQ=s64","userId":"13357761986237341872"}},"colab":{"base_uri":"https://localhost:8080/","height":1000}},"source":["matrix = np.zeros((len(first_answer.student_answer), len(first_answer.student_answer)))\n","\n","for i in range(0, len(sent_embed_list)):\n","  for j in range(0, len(sent_embed_list)):    \n","    matrix[i][j]= sp.spatial.distance.cosine(sent_embed_list[i], sent_embed_list[j])\n","\n","print(matrix)"],"execution_count":0,"outputs":[{"output_type":"stream","text":["[[0.         0.04996075 0.05032221 0.04203132 0.0505862  0.10621742\n","  0.0502433  0.08842818 0.04983378 0.07186723 0.06263972 0.06139266\n","  0.07193316 0.12065907 0.05928226 0.04326919 0.08060201 0.03632709\n","  0.03157006 0.04937421 0.09066521 0.06959536 0.06874963 0.07997792\n","  0.09066521 0.05923883 0.0235049  0.08730178 0.04281657]\n"," [0.04996075 0.         0.04512517 0.0349791  0.04274035 0.08355359\n","  0.03229158 0.07605986 0.08056581 0.05662365 0.0483474  0.04907791\n","  0.04283987 0.09031565 0.05429493 0.03121683 0.07429318 0.06992501\n","  0.06387756 0.04149601 0.08138182 0.05395335 0.0553932  0.06545331\n","  0.08138182 0.03795092 0.04761894 0.09226749 0.03138766]\n"," [0.05032221 0.04512517 0.         0.02122528 0.02728414 0.0756741\n","  0.0490451  0.07294537 0.09085435 0.02908352 0.01716374 0.01463751\n","  0.07355325 0.09812087 0.0363603  0.03872316 0.02401012 0.05983783\n","  0.07087549 0.04544513 0.02608557 0.01730762 0.0557605  0.07352044\n","  0.02608557 0.04682139 0.06772747 0.08199148 0.02841719]\n"," [0.04203132 0.0349791  0.02122528 0.         0.02938868 0.08945541\n","  0.03152813 0.08094158 0.085499   0.03258683 0.0236757  0.02453777\n","  0.04682852 0.07113606 0.03546931 0.0170622  0.04463816 0.06149185\n","  0.06211851 0.03758489 0.0490738  0.02783484 0.0401729  0.05660809\n","  0.0490738  0.04171804 0.05323024 0.07915231 0.01601597]\n"," [0.0505862  0.04274035 0.02728414 0.02938868 0.         0.07922792\n","  0.03663543 0.08067387 0.07337045 0.05097142 0.03477238 0.03203059\n","  0.06365185 0.10416153 0.03252692 0.0288186  0.05249351 0.05690624\n","  0.06179388 0.02690995 0.06380038 0.04120863 0.048696   0.06863228\n","  0.06380038 0.04354434 0.05375484 0.07526827 0.02390999]\n"," [0.10621742 0.08355359 0.0756741  0.08945541 0.07922792 0.\n","  0.09691336 0.09763776 0.10942774 0.12040135 0.09928957 0.09561648\n","  0.09880909 0.09607628 0.08224929 0.07379292 0.09472785 0.10154658\n","  0.11532982 0.10316767 0.11175911 0.11238531 0.0612735  0.1098601\n","  0.11175911 0.07189742 0.11527195 0.11449086 0.07418069]\n"," [0.0502433  0.03229158 0.0490451  0.03152813 0.03663543 0.09691336\n","  0.         0.098079   0.08095838 0.06107619 0.04518617 0.0463573\n","  0.05010574 0.10313172 0.05896228 0.02646915 0.07754249 0.07253825\n","  0.06261147 0.03155899 0.09175348 0.05662413 0.06211293 0.05727888\n","  0.09175348 0.05126745 0.0473932  0.06921652 0.02563971]\n"," [0.08842818 0.07605986 0.07294537 0.08094158 0.08067387 0.09763776\n","  0.098079   0.         0.11825483 0.11888531 0.08952135 0.08424058\n","  0.12957542 0.1200794  0.08783358 0.07831082 0.07665484 0.10878945\n","  0.10824158 0.09728478 0.10211777 0.10919748 0.08097954 0.12050482\n","  0.10211777 0.07336713 0.11185684 0.09113086 0.08506558]\n"," [0.04983378 0.08056581 0.09085435 0.085499   0.07337045 0.10942774\n","  0.08095838 0.11825483 0.         0.11430533 0.09663866 0.09844669\n","  0.08676229 0.16011649 0.08706873 0.06971989 0.12355528 0.06531525\n","  0.05181694 0.07386713 0.13744908 0.10911798 0.09212661 0.12990198\n","  0.13744908 0.08160879 0.0402523  0.11864158 0.0696743 ]\n"," [0.07186723 0.05662365 0.02908352 0.03258683 0.05097142 0.12040135\n","  0.06107619 0.11888531 0.11430533 0.         0.0179895  0.01511267\n","  0.08473417 0.11236213 0.06058777 0.0546981  0.03314022 0.07606484\n","  0.09759297 0.06152443 0.02987218 0.01203495 0.08112658 0.09681331\n","  0.02987218 0.07372801 0.08721767 0.1162219  0.04131929]\n"," [0.06263972 0.0483474  0.01716374 0.0236757  0.03477238 0.09928957\n","  0.04518617 0.08952135 0.09663866 0.0179895  0.         0.00420483\n","  0.08124442 0.11334964 0.05129079 0.04281552 0.01859125 0.07436795\n","  0.08083712 0.04495382 0.02284095 0.00812656 0.07091683 0.07698986\n","  0.02284095 0.06207243 0.07383543 0.0818613  0.03336401]\n"," [0.06139266 0.04907791 0.01463751 0.02453777 0.03203059 0.09561648\n","  0.0463573  0.08424058 0.09844669 0.01511267 0.00420483 0.\n","  0.08050265 0.10631856 0.04949554 0.04265513 0.01255733 0.07059058\n","  0.08147115 0.04593756 0.01697461 0.00431326 0.06684593 0.07969778\n","  0.01697461 0.06095423 0.07716513 0.08167927 0.03292288]\n"," [0.07193316 0.04283987 0.07355325 0.04682852 0.06365185 0.09880909\n","  0.05010574 0.12957542 0.08676229 0.08473417 0.08124442 0.08050265\n","  0.         0.08524413 0.0715713  0.03707862 0.11366847 0.08744061\n","  0.07332154 0.05764112 0.11766384 0.08160261 0.05580293 0.07733318\n","  0.11766384 0.05194105 0.05830242 0.11708145 0.04094623]\n"," [0.12065907 0.09031565 0.09812087 0.07113606 0.10416153 0.09607628\n","  0.10313172 0.1200794  0.16011649 0.11236213 0.11334964 0.10631856\n","  0.08524413 0.         0.09486675 0.06953182 0.10809233 0.11394038\n","  0.12910799 0.12908042 0.11258506 0.11187228 0.05712078 0.09257463\n","  0.11258506 0.09852699 0.13548613 0.14746487 0.07791572]\n"," [0.05928226 0.05429493 0.0363603  0.03546931 0.03252692 0.08224929\n","  0.05896228 0.08783358 0.08706873 0.06058777 0.05129079 0.04949554\n","  0.0715713  0.09486675 0.         0.03856765 0.06698339 0.06145727\n","  0.08861816 0.05537315 0.07491326 0.05610172 0.04664741 0.07988158\n","  0.07491326 0.0478824  0.07531961 0.10775011 0.03567693]\n"," [0.04326919 0.03121683 0.03872316 0.0170622  0.0288186  0.07379292\n","  0.02646915 0.07831082 0.06971989 0.0546981  0.04281552 0.04265513\n","  0.03707862 0.06953182 0.03856765 0.         0.06874646 0.06382563\n","  0.05731451 0.03744376 0.08132745 0.05218157 0.03039415 0.06032388\n","  0.08132745 0.03311056 0.04548625 0.07916429 0.01901145]\n"," [0.08060201 0.07429318 0.02401012 0.04463816 0.05249351 0.09472785\n","  0.07754249 0.07665484 0.12355528 0.03314022 0.01859125 0.01255733\n","  0.11366847 0.10809233 0.06698339 0.06874646 0.         0.07875951\n","  0.0991228  0.07900894 0.00533384 0.02089959 0.08664677 0.08650223\n","  0.00533384 0.08087569 0.10501848 0.08202603 0.05562346]\n"," [0.03632709 0.06992501 0.05983783 0.06149185 0.05690624 0.10154658\n","  0.07253825 0.10878945 0.06531525 0.07606484 0.07436795 0.07059058\n","  0.08744061 0.11394038 0.06145727 0.06382563 0.07875951 0.\n","  0.05157762 0.0689743  0.08517924 0.07705628 0.08224152 0.09700442\n","  0.08517924 0.07204999 0.05066095 0.10442726 0.05352461]\n"," [0.03157006 0.06387756 0.07087549 0.06211851 0.06179388 0.11532982\n","  0.06261147 0.10824158 0.05181694 0.09759297 0.08083712 0.08147115\n","  0.07332154 0.12910799 0.08861816 0.05731451 0.0991228  0.05157762\n","  0.         0.06607288 0.10983892 0.0903984  0.08779949 0.09095532\n","  0.10983892 0.07896155 0.02718535 0.08802623 0.05528465]\n"," [0.04937421 0.04149601 0.04544513 0.03758489 0.02690995 0.10316767\n","  0.03155899 0.09728478 0.07386713 0.06152443 0.04495382 0.04593756\n","  0.05764112 0.12908042 0.05537315 0.03744376 0.07900894 0.0689743\n","  0.06607288 0.         0.08975521 0.05296307 0.06828529 0.0745776\n","  0.08975521 0.05169182 0.04704629 0.07827321 0.02802282]\n"," [0.09066521 0.08138182 0.02608557 0.0490738  0.06380038 0.11175911\n","  0.09175348 0.10211777 0.13744908 0.02987218 0.02284095 0.01697461\n","  0.11766384 0.11258506 0.07491326 0.08132745 0.00533384 0.08517924\n","  0.10983892 0.08975521 0.         0.01596031 0.10153597 0.09961116\n","  0.         0.09020949 0.11539253 0.10420004 0.06258621]\n"," [0.06959536 0.05395335 0.01730762 0.02783484 0.04120863 0.11238531\n","  0.05662413 0.10919748 0.10911798 0.01203495 0.00812656 0.00431326\n","  0.08160261 0.11187228 0.05610172 0.05218157 0.02089959 0.07705628\n","  0.0903984  0.05296307 0.01596031 0.         0.07913496 0.09210793\n","  0.01596031 0.06843438 0.08448025 0.10276596 0.03805041]\n"," [0.06874963 0.0553932  0.0557605  0.0401729  0.048696   0.0612735\n","  0.06211293 0.08097954 0.09212661 0.08112658 0.07091683 0.06684593\n","  0.05580293 0.05712078 0.04664741 0.03039415 0.08664677 0.08224152\n","  0.08779949 0.06828529 0.10153597 0.07913496 0.         0.09071562\n","  0.10153597 0.0456478  0.08296537 0.10670406 0.040945  ]\n"," [0.07997792 0.06545331 0.07352044 0.05660809 0.06863228 0.1098601\n","  0.05727888 0.12050482 0.12990198 0.09681331 0.07698986 0.07969778\n","  0.07733318 0.09257463 0.07988158 0.06032388 0.08650223 0.09700442\n","  0.09095532 0.0745776  0.09961116 0.09210793 0.09071562 0.\n","  0.09961116 0.09078102 0.08151661 0.09226104 0.05491095]\n"," [0.09066521 0.08138182 0.02608557 0.0490738  0.06380038 0.11175911\n","  0.09175348 0.10211777 0.13744908 0.02987218 0.02284095 0.01697461\n","  0.11766384 0.11258506 0.07491326 0.08132745 0.00533384 0.08517924\n","  0.10983892 0.08975521 0.         0.01596031 0.10153597 0.09961116\n","  0.         0.09020949 0.11539253 0.10420004 0.06258621]\n"," [0.05923883 0.03795092 0.04682139 0.04171804 0.04354434 0.07189742\n","  0.05126745 0.07336713 0.08160879 0.07372801 0.06207243 0.06095423\n","  0.05194105 0.09852699 0.0478824  0.03311056 0.08087569 0.07204999\n","  0.07896155 0.05169182 0.09020949 0.06843438 0.0456478  0.09078102\n","  0.09020949 0.         0.06409791 0.10185407 0.04045053]\n"," [0.0235049  0.04761894 0.06772747 0.05323024 0.05375484 0.11527195\n","  0.0473932  0.11185684 0.0402523  0.08721767 0.07383543 0.07716513\n","  0.05830242 0.13548613 0.07531961 0.04548625 0.10501848 0.05066095\n","  0.02718535 0.04704629 0.11539253 0.08448025 0.08296537 0.08151661\n","  0.11539253 0.06409791 0.         0.09424498 0.04496157]\n"," [0.08730178 0.09226749 0.08199148 0.07915231 0.07526827 0.11449086\n","  0.06921652 0.09113086 0.11864158 0.1162219  0.0818613  0.08167927\n","  0.11708145 0.14746487 0.10775011 0.07916429 0.08202603 0.10442726\n","  0.08802623 0.07827321 0.10420004 0.10276596 0.10670406 0.09226104\n","  0.10420004 0.10185407 0.09424498 0.         0.07165516]\n"," [0.04281657 0.03138766 0.02841719 0.01601597 0.02390999 0.07418069\n","  0.02563971 0.08506558 0.0696743  0.04131929 0.03336401 0.03292288\n","  0.04094623 0.07791572 0.03567693 0.01901145 0.05562346 0.05352461\n","  0.05528465 0.02802282 0.06258621 0.03805041 0.040945   0.05491095\n","  0.06258621 0.04045053 0.04496157 0.07165516 0.        ]]\n"],"name":"stdout"}]},{"cell_type":"code","metadata":{"id":"8iALjSm3UJ8Z","colab_type":"code","colab":{}},"source":["def plot_similarity_matrix(similarity_matrix, title):\n","  plt.figure(figsize=(15,15))\n","  sns.heatmap(similarity_matrix, vmin=0, vmax=0.25, cmap=\"YlGnBu\")\n","  plt.title(title)\n","  plt.show()  "],"execution_count":0,"outputs":[]},{"cell_type":"code","metadata":{"id":"CqHAAzW_YGus","colab_type":"code","outputId":"3bf5f250-c14d-45cb-f368-091d5dbcf050","executionInfo":{"status":"ok","timestamp":1566825321456,"user_tz":-120,"elapsed":256700,"user":{"displayName":"sasi kiran","photoUrl":"https://lh3.googleusercontent.com/a-/AAuE7mBjLTu2dzjRCzp118mQDk2S6UyStqeosof2BUg3dQ=s64","userId":"13357761986237341872"}},"colab":{"base_uri":"https://localhost:8080/","height":879}},"source":["plot_similarity_matrix(matrix, 'Similar answers heatmap')"],"execution_count":0,"outputs":[{"output_type":"display_data","data":{"image/png":"iVBORw0KGgoAAAANSUhEUgAAAywAAANeCAYAAADwZIpXAAAABHNCSVQICAgIfAhkiAAAAAlwSFlz\nAAALEgAACxIB0t1+/AAAADl0RVh0U29mdHdhcmUAbWF0cGxvdGxpYiB2ZXJzaW9uIDMuMC4zLCBo\ndHRwOi8vbWF0cGxvdGxpYi5vcmcvnQurowAAIABJREFUeJzs3Xu8pWdZH/zfNeeZTJLJcSAHSQQi\nhmLBBNAXOagxAVpBWxSMvgWaOq0WxdaqtLRgwAPoB3mtojBWiFgBERVjSCKoCWIRyEhDIAk5EELO\nB3IakplkMjP3+8deQzbj7L1mTfa98sye7zef9cnaz7Oea13z7LXW3te+r/t+qrUWAACAIVryWCcA\nAAAwFwULAAAwWAoWAABgsBQsAADAYClYAACAwVKwAAAAg6VgAR5zVfWjVfXRfTz2uVV11ayvr6+q\n0xYuu8Wnqk6oqlZVyx7rXABgHAULMBVV9V1V9cmquq+q7q6q/1NVz0yS1toftdZO35e4rbVPtNa+\nZWGzZV9V1TlV9UuPdR4ALB7+ugZ0V1WHJDkvyU8k+WCSFUmem+ShxzKv2apqWWtt+2Odx77a3/MH\ngLkYYQGm4aQkaa29v7W2o7W2tbX20dbaZUlSVa+qqr/f9eBRu9JPVtU1VfW1qnpzVT1xNEKzuao+\nWFUrRo99QVXdtKcnrapnVdU/VNW9VXVrVf32ruNmPc9/rKprklwzR4w/qarbRiNDf1dVT52175yq\nekdVfWSU56er6omjfVVVb6+qO0Y5f76q/llVnTjKZ8nocb9XVXfMivmHVfUzo/uHVtXvj3K/uap+\nqaqWzjpn/2f0HHcl+cWqelJVfXyU61er6o/HfF9+tKpuGD329bNyWFJVr6uqL1XVXaPzffi4c1JV\nG5L8aJKfr6r7q+ovR9uvr6qfq6rLquqB0b9pfVVdMDpvf11Vh01wzt9ZVR8bHfvxqnrCmH8nAPsx\nBQswDVcn2VFVf1BVL5r9y+k8zkhySpLvSPLzSTYm+bEkxyf5Z0l+ZC9i7Ejyn5IcmeQ7k3xvkp/c\n7TE/kOTZSU6eI8YFSZ6c5Ogkn03yR7vtf0WSs5McluTaJL882n56kudlplg7NMkPJ7mrtfblJJuT\nPGP0uOclub+qvnX09fOTfHx0/5wk25M8afT405P8u1nP/ewk1yVZP3reNyf56CiX45L81hz/pl2+\nK8m3ZOa8vGFWDj+VmfPy/CTHJLknyTvGnZPW2sbR/V9rra1trX3/rGP+dZLvG52P7x/F+G9JjsrM\nz6KfHhd/lh8d/VuPTHLpHvYDsIgoWIDuWmubM/PLcUvye0nurKpzq2r9PIf9Wmttc2vt8iRfSPLR\n1tp1rbX7MvML7TPmOXbX8/5ja+1TrbXtrbXrk7wrM7+Ez/arrbW7W2tb54jx7tba11prDyX5xST/\nvKoOnfWQP2+tfWbUjvVHSZ4+2v5wkoOTPCVJtdaubK3dOtr38STPr6rHjb7+0OjrE5MckuRzo3Pz\n4iQ/01p7oLV2R5K3Z6ZA2uWW1tpvjf59W0fP+YQkx7TWHmyt/X3md/ZotOtzST6X5J+Ptv+HJK9v\nrd0069/9shpN0t+Lc7Inv9Vau721dnOSTyT5dGvt/7bWHkzy55n1/dyL+B9prf3daP/rk3xnVR0/\n5vkB2E8pWICpGP3C/qrW2nGZGSE5Jsn/N88ht8+6v3UPX68d95xVdVJVnTdqL9qc5Fcy81f52W6c\n5/ilVfWWUWvU5iTXj3bNjnHbrPtbduXVWvvbJL+dmZGJO6pqY83M5UlmCpYXZGZ05e+SXJyZQur5\nST7RWtuZmcJjeZJbRy1k92am4Dp6ntx/Pkkl+UxVXV5V/3auf9t8uY+e+89nPe+VmRmtWr+X52RP\n9ur7uZfxv/7vbq3dn+TuzLyeAFiEFCzA1LXWvpiZdqd/1vmpfjfJF5M8ubV2SGZakGr3dOY5/swk\nL01yWmbauk4Ybd89xh611v5na+2UzLSbnZTk50a7Pp6ZRQdeMLr/90mek29sB7sxM4sSHNlaWze6\nHdJae+rsp9jt+W5rrf14a+2YJP8+ye9U1ZP2Jtfd3JjkRbOed11rbdVodGTcOZnvfO6NvTnnXx9N\nqaq1SQ5PcsujfF4ABkrBAnRXVU+pqp+tquNGXx+fmTkon+r81AdnZr7I/VX1lMysUjbp8Q8luSvJ\nmsyM0OyVqnpmVT27qpYneSDJg0l2Jklr7ZrMjCr8WJKPj1rmbs/MPI+Pjx5za2bmo7ytqg4ZTYR/\nYlXt3tI2+zl/aNc5zsy8k7brOSf0ziS/vGsye1UdVVUvHe0bd05uT/LN+/Ccu+zNOX9xzSyTvSIz\nc1k+1Vqbc6QMgP2bggWYhq9lZoL4p6vqgcwUKl9I8rOdn/e/ZOYv9l/LzNyZcatm7e69Sb6S5OYk\nV2SyAuuQ0XPeM4pxV5Jfn7X/45mZhH/jrK8rM5PMd/k3mVkC+opRnA8lefw8z/nMzJzj+5Ocm+S1\nrbXrJsh5l98cHf/RqvpaZv7dzx7tG3dOfj/JyaN2sg/vw3PvzTl/X5I3ZqYV7JTMFH4ALFLV2qMd\nvQeA6aiqc5Lc1Fr77491LgBMhxEWAABgsBQsAADARKrqhVV1VVVdW1Wv28P+/1xVV4wuGvw3sy/y\nW1U7qurS0e3csc+lJQwAANhbVbU0MxeF/r4kNyW5JMmPtNaumPWY787MNbe2VNVPJHlBa+3lo333\nt9bGXp5gFyMsAADAJJ6V5NrRBZ23JflAZpak/7rW2kWttS2jLz+V5Ljso2X7nOZeu7rbEM6V917d\nK3RXa5b1G9Xasn2vLg+xT37z8oO6xX7tUx/oFvv8G1d2i/3i4x/qFjtJrt28tFvsI1fty2q3e2dp\nv5dhbt/a7+8s7/ziwd1in/3t93WLfeTKft/Li25d0S32izq+f1Z0/HPcHR1fgx/+Sr/PqyR5+hHb\nu8VeUv1+tt26pd9n4a1b+n0/Tzt2W7fYJx3a77Xy+1f1+17+qxMe7BY7SZ6w9vs7/gRaOKu/6UcG\n3eL04I0f+PdJNszatLG1tnHW18fmGy9efFMeWU1yT85KcsGsr1dV1aYk25O8pbU276qSUyhYAACA\n/cWoONk49oF7oap+LMmpmbk48i5PaK3dXFXfnORvq+rzrbUvzRVDSxgAADCJm5McP+vr40bbvkFV\nnZbk9Ule0lr7+rB6a+3m0f+vS3JxkmfM92QKFgAAYBKXJHlyVZ1YVSuSvCIzFxz+uqp6RpJ3ZaZY\nuWPW9sOqauXo/pFJnpOZCwXPSUsYAABMUdX+PWbQWtteVa9J8ldJliZ5d2vt8qp6U5JNrbVzk/x6\nkrVJ/qSqkuSG1tpLknxrkndV1c7MDJ68ZfbqYnuiYAEAACbSWjs/yfm7bXvDrPunzXHcJ5M8bZLn\n2r/LOwAAYFEzwgIAAFNUxgwm4mwBAACDpWABAAAGS0sYAABM0f6+Sti0OVsAAMBgKVgAAIDBGtsS\nVlVPSfLSJMeONt2c5NzW2pU9EwMAAJh3hKWqfiHJB5JUks+MbpXk/VX1unmO21BVm6pq08aNf7yQ\n+QIAwH6tasmgb0MzboTlrCRPba09PHtjVf1GksuTvGVPB7XWNibZOPPV1e1RZwkAAByQxpVQO5Mc\ns4ftjx/tAwAA6GbcCMvPJPmbqromyY2jbd+U5ElJXtMzMQAAWIyq6rFOYb8yb8HSWruwqk5K8qx8\n46T7S1prO3onBwAAHNjGrhLWWtuZ5FNTyAUAAOAbuNI9AABM1fBW4hoyZwsAABgsBQsAADBYWsIA\nAGCKhnhxxiFztgAAgMFSsAAAAIOlJQwAAKZIS9hknC0AAGCwuo+wXHnv1d1if+u6k7rF/tLmq7rF\nXr2sdYvd09MPf7hb7KNX7ewW+/iDdnSL/ak7lneLnSTPOKLfOV/T8d2/s+NLfP3q7d1iP3f91m6x\nVyzpd1IOWdEtdA5e3i/vS+/q9/45eHnPz5R+sc984oP52M39vqHHrOn3edjzJ9vKjn9e3d7v25lj\n1/QLfvuWB7vFfuDhVd1i9/xMYfEywgIAA9GzWAHYX5nDAgAAU1TGDCbibAEAAIOlYAEAAAZLSxgA\nAEyRZY0n42wBAACDpWABAAAGS0sYAABMkZawyThbAADAYClYAACAwdISBgAAU6QlbDLOFgAAMFgK\nFgAAYLD2uWCpqlcvZCIAAHAgqIH/NzSPZoTl7Ll2VNWGqtpUVZs+eM6Fj+IpAACAA9m8k+6r6rK5\ndiVZP9dxrbWNSTYmyZX3ntf2OTsAAOCANm6VsPVJzkhyz27bK8knu2QEAACLmFXCJjOuYDkvydrW\n2qW776iqi7tkBAAAMDJvwdJaO2uefWcufDoAAACPMB4FAAAMlivdAwDAFJnDMhlnCwAAGCwFCwAA\nMFhawgAAYIq0hE3G2QIAAAZLwQIAAAyWljAAAJgqYwaT2K8Lli9tvqpb7Cce8i3dYt//8C3dYq9c\n8mC32Iev3Nkt9p0P9nvjrlzausW+dvPSbrGT5AdP6HdeViw5tFvsJdXvvFxw4z3dYt+zrd/5Pnp1\nv/fPgzuqW+zTj+v3Y+Kqex/qFvuOjp8pj+v4vXzB47flyFUrusVfvuSwbrGvvq/fe/Puh/q9xl92\nYrfQubPfj+R85f5+r/HHr9nRLfaS2q9/9eQxorwDgIHoWawA7K+UuQAAMEVWCZuMswUAAAyWggUA\nABgsLWEAADBFWsIm42wBAACDpWABAAAGS8ECAAAMljksAAAwRWXMYCLOFgAAMFgKFgAAYLC0hAEA\nwBRZ1ngyY89WVT2lqr63qtbutv2F/dICAAAYU7BU1U8n+YskP5XkC1X10lm7f6VnYgAAAONGWH48\nySmttR9I8oIk/6OqXjvaV3MdVFUbqmpTVW364DkXLkymAACwCFTVoG9DM24Oy5LW2v1J0lq7vqpe\nkORDVfWEzFOwtNY2JtmYJFfee15boFwBAIADzLgRltur6um7vhgVL/8yyZFJntYzMQAAgHEjLP8m\nyfbZG1pr25P8m6p6V7esAABgkbJK2GTmLVhaazfNs+//LHw6AAAAj1DeAQAAg+XCkQAAMEVlzGAi\nzhYAADBYChYAAGCwFCwAAMBgmcMCAABTZFnjyThbAADAYClYAACAwereErZmWesWe3XH2Pc/fEu3\n2GuXH9Mt9j0PXd0t9vX3r+wW+7Rjt3WL/Q93LO8W++AV/V6DSbJj5/ZusbfX1m6x0/qdl6cd3u+c\nrFjaLXSqX+isW3F4t9i3bb27W+zW8W9mR67c2S32mo4/Obds35b7tvV7tTxuzeZusY9Y1fPzcEe3\nyLdu6Re752vlcWv6vcZv3tLvw3DlknXdYu9PtIRNxtkCgIHoWawA7K8ULAAAwGBZJQwAAKbIle4n\n42wBAACDpWABAAAGS0sYAABMk1XCJuJsAQAAg6VgAQAABktLGAAATJELR07G2QIAAAZLwQIAAAyW\nljAAAJiiqnqsU9ivjC1YqupZSVpr7ZKqOjnJC5N8sbV2fvfsAACAA9q8BUtVvTHJi5Isq6qPJXl2\nkouSvK6qntFa++Up5AgAABygxs1heVmS5yR5XpL/mOQHWmtvTnJGkpfPdVBVbaiqTVW16X3vvnDB\nkgUAAA4s41rCtrfWdiTZUlVfaq1tTpLW2taq2jnXQa21jUk2JslX7v/LtmDZAgDAfq6sezWRcWdr\nW1WtGd0/ZdfGqjo0yZwFCwAAwEIYN8LyvNbaQ0nSWptdoCxP8spuWQEAAGRMwbKrWNnD9q8m+WqX\njAAAYBFzpfvJOFsAAMBgKVgAAIDBcqV7AACYJle6n4gRFgAAYLAULAAAwGBpCQMAgGkyZDARpwsA\nABgsBQsAADBY3VvCtmzfP1dBWLnkwW6x73no6m6xD1t5UrfY61d/uVvsbTu7he7quDU7usa//cF+\nf1M4ctWWbrGXdXzb3751abfYF9y0qlvs7zjq4W6xt+28r1vsrR0/w5cvad1ib9vRL+81y5Z3jJ18\n4Z5+nytrlm3vFvvBjuf8jo6fhQct6/c6XLW0X+yd/UJndce8H279fvYkyequ0ReQVcImYoQFAAai\nZ7ECsL9SsAAAAIOlYAEAAAbLssYAADBN5rBMxAgLAAAwWAoWAABgsLSEAQDANBkymIjTBQAADJaC\nBQAAGCwtYQAAMEXNKmETMcICAAAMloIFAAAYrIkLlqp6b49EAADggFADvw3MvHNYqurc3Tcl+e6q\nWpckrbWX9EoMAABg3AjLcUk2J/mNJG8b3b426/4eVdWGqtpUVZs+eM6FC5UrAABwgBm3StipSV6b\n5PVJfq61dmlVbW2tfXy+g1prG5NsTJIr7z2vLUimAACwGCwZYN/VgM1bsLTWdiZ5e1X9yej/t487\nBgAAYKHsVfHRWrspyQ9V1b